1.00000e+00 9.81320e+06 9.44170e+06 1.92718e-02 1.92718e-02 1.92718e-02
2.00000e+00 4.99157e+08 4.98875e+08 1.92718e-02 3.19840e-02 3.19840e-02
3.00000e+00 2.44508e+08 2.44256e+08 1.92718e-02 4.40474e-02 4.40474e-02
4.00000e+00 1.44094e+08 1.43869e+08 1.92718e-02 5.67436e-02 5.67436e-02
5.00000e+00 1.96249e+08 1.96041e+08 1.92718e-02 6.91429e-02 6.91429e-02
6.00000e+00 3.17652e+08 3.17454e+08 1.92718e-02 8.17847e-02 8.17847e-02
7.00000e+00 1.45051e+08 1.44871e+08 1.92718e-02 9.43862e-02 9.43862e-02
8.00000e+00 9.60774e+07 9.59072e+07 1.92718e-02 1.06886e-01 1.06886e-01
9.00000e+00 -1.14502e+08 -1.14739e+08 3.19840e-02 3.19840e-02 3.19840e-02
1.00000e+01 2.34500e+08 2.34278e+08 3.19840e-02 3.19840e-02 4.40474e-02
1.10000e+01 1.38471e+08 1.38264e+08 3.19840e-02 4.40474e-02 4.40474e-02
1.20000e+01 1.98488e+08 1.98294e+08 3.19840e-02 4.40474e-02 5.67436e-02
1.30000e+01 1.24922e+08 1.24742e+08 3.19840e-02 5.67436e-02 5.67436e-02
1.40000e+01 1.57950e+08 1.57778e+08 3.19840e-02 5.67436e-02 6.91429e-02
1.50000e+01 1.03702e+08 1.03539e+08 3.19840e-02 6.91429e-02 6.91429e-02
1.60000e+01 1.34138e+08 1.33980e+08 3.19840e-02 6.91429e-02 8.17847e-02
1.70000e+01 1.42965e+08 1.42812e+08 3.19840e-02 8.17847e-02 8.17847e-02
1.80000e+01 1.27478e+08 1.27334e+08 3.19840e-02 8.17847e-02 9.43862e-02
1.90000e+01 6.02268e+07 6.00911e+07 3.19840e-02 9.43862e-02 9.43862e-02
2.00000e+01 1.00938e+08 1.00807e+08 3.19840e-02 9.43862e-02 1.06886e-01
2.10000e+01 6.43972e+07 6.42718e+07 3.19840e-02 1.06886e-01 1.06886e-01
2.20000e+01 8.24766e+07 8.22851e+07 4.40474e-02 4.40474e-02 4.40474e-02
2.30000e+01 2.55150e+07 2.53365e+07 4.40474e-02 4.40474e-02 5.67436e-02
2.40000e+01 1.67218e+08 1.67048e+08 4.40474e-02 4.40474e-02 6.91429e-02
2.50000e+01 1.13800e+08 1.13635e+08 4.40474e-02 5.67436e-02 5.67436e-02
2.60000e+01 1.10774e+08 1.10618e+08 4.40474e-02 5.67436e-02 6.91429e-02
2.70000e+01 1.11845e+08 1.11693e+08 4.40474e-02 5.67436e-02 8.17847e-02
2.80000e+01 6.43923e+07 6.42441e+07 4.40474e-02 6.91429e-02 6.91429e-02
2.90000e+01 1.23046e+08 1.22902e+08 4.40474e-02 6.91429e-02 8.17847e-02
3.00000e+01 1.10572e+08 1.10438e+08 4.40474e-02 6.91429e-02 9.43862e-02
3.10000e+01 6.51175e+07 6.49793e+07 4.40474e-02 8.17847e-02 8.17847e-02
3.20000e+01 8.37954e+07 8.36660e+07 4.40474e-02 8.17847e-02 9.43862e-02
3.30000e+01 1.19759e+08 1.19635e+08 4.40474e-02 8.17847e-02 1.06886e-01
3.40000e+01 8.12182e+07 8.10978e+07 4.40474e-02 9.43862e-02 9.43862e-02
3.50000e+01 5.79312e+07 5.78159e+07 4.40474e-02 9.43862e-02 1.06886e-01
3.60000e+01 4.72240e+07 4.71138e+07 4.40474e-02 1.06886e-01 1.06886e-01
3.70000e+01 1.51773e+08 1.51621e+08 5.67436e-02 5.67436e-02 5.67436e-02
3.80000e+01 4.92511e+07 4.91074e+07 5.67436e-02 5.67436e-02 6.91429e-02
3.90000e+01 8.73518e+07 8.72130e+07 5.67436e-02 5.67436e-02 8.17847e-02
4.00000e+01 1.44183e+08 1.44053e+08 5.67436e-02 5.67436e-02 9.43862e-02
4.10000e+01 5.17865e+07 5.16514e+07 5.67436e-02 6.91429e-02 6.91429e-02
4.20000e+01 7.07805e+07 7.06504e+07 5.67436e-02 6.91429e-02 8.17847e-02
4.30000e+01 8.36225e+07 8.35012e+07 5.67436e-02 6.91429e-02 9.43862e-02
4.40000e+01 9.10934e+07 9.09772e+07 5.67436e-02 6.91429e-02 1.06886e-01
4.50000e+01 2.12771e+07 2.11520e+07 5.67436e-02 8.17847e-02 8.17847e-02
4.60000e+01 5.11126e+07 5.09963e+07 5.67436e-02 8.17847e-02 9.43862e-02
4.70000e+01 5.99977e+07 5.98865e+07 5.67436e-02 8.17847e-02 1.06886e-01
4.80000e+01 6.68684e+07 6.67610e+07 5.67436e-02 9.43862e-02 9.43862e-02
4.90000e+01 5.41607e+07 5.40583e+07 5.67436e-02 9.43862e-02 1.06886e-01
5.00000e+01 4.66504e+07 4.65532e+07 5.67436e-02 1.06886e-01 1.06886e-01
5.10000e+01 -6.28281e+06 -6.40930e+06 6.91429e-02 6.91429e-02 6.91429e-02
5.20000e+01 4.55132e+07 4.53917e+07 6.91429e-02 6.91429e-02 8.17847e-02
5.30000e+01 7.63018e+07 7.61892e+07 6.91429e-02 6.91429e-02 9.43862e-02
5.40000e+01 5.98625e+07 5.97549e+07 6.91429e-02 6.91429e-02 1.06886e-01
5.50000e+01 4.48239e+07 4.47074e+07 6.91429e-02 8.17847e-02 8.17847e-02
5.60000e+01 3.91992e+07 3.90915e+07 6.91429e-02 8.17847e-02 9.43862e-02
5.70000e+01 5.21074e+07 5.20049e+07 6.91429e-02 8.17847e-02 1.06886e-01
5.80000e+01 4.20597e+07 4.19609e+07 6.91429e-02 9.43862e-02 9.43862e-02
5.90000e+01 3.92782e+07 3.91845e+07 6.91429e-02 9.43862e-02 1.06886e-01
6.00000e+01 3.80727e+07 3.79841e+07 6.91429e-02 1.06886e-01 1.06886e-01
6.10000e+01 4.41674e+07 4.40558e+07 8.17847e-02 8.17847e-02 8.17847e-02
6.20000e+01 2.45465e+07 2.44438e+07 8.17847e-02 8.17847e-02 9.43862e-02
6.30000e+01 4.68480e+07 4.67504e+07 8.17847e-02 8.17847e-02 1.06886e-01
6.40000e+01 4.22332e+07 4.21393e+07 8.17847e-02 9.43862e-02 9.43862e-02
6.50000e+01 3.62980e+07 3.62093e+07 8.17847e-02 9.43862e-02 1.06886e-01
6.60000e+01 1.46119e+07 1.45283e+07 8.17847e-02 1.06886e-01 1.06886e-01
6.70000e+01 5.17604e+07 5.16754e+07 9.43862e-02 9.43862e-02 9.43862e-02
6.80000e+01 3.16218e+07 3.15419e+07 9.43862e-02 9.43862e-02 1.06886e-01
6.90000e+01 3.17519e+07 3.16771e+07 9.43862e-02 1.06886e-01 1.06886e-01
7.00000e+01 1.70511e+07 1.69815e+07 1.06886e-01 1.06886e-01 1.06886e-01
